92549259250311308084Т263%36181#40625
472633361810313080847363336181#40625
63%49259250311308084Т263%36181#40625
472633361810313080847363336181#40625
в3080847263%36181#682367113607604555
472633361810313080847363336181#=0625
847263336181яв3080847263%36181#40625
472633361810313080847363336181#40625
693889390390722837734769792556762695
an<-33361810313080847363336181#40625
79255676269536181#682367113607604555
472633361810313080847363336181#=0625
847263336181яв3080847263%36181#40625
472633361810313080847363336181#40625
693889390390722837734769792556762695
an<-33361810313080847363336181#40625
693889390390722837734769792556762695
